10 10 3 3 2
59 29 18 71 73 22 6 87 22 81 
24 86 41 89 94 57 22 17 72 87 
93 41 14 34 48 26 61 60 47 16 
45 37 38 38 58 8 48 27 66 73 
69 25 29 5 45 15 8 90 87 57 
70 94 46 47 66 94 16 31 48 87 
28 41 35 22 63 40 1 33 11 18 
98 95 80 79 20 2 85 69 62 84 
0 45 78 0 11 78 62 58 14 81 
22 23 58 79 27 49 6 8 47 81 
0.14435645851881362 0.27715669258078635 0.6323288238514736 0.616003629075361 0.3211161382163047 0.6441099930023071 0.04648080133728982 0.10460123629008689 0.3631975799485958 0.3714097509394674 
0.010547600279548264 0.6292176958331375 0.13935841904682877 0.7197309089425106 0.5343501780705604 0.034916389732109976 0.6780810775714562 0.4654795942106361 0.8415206096401846 0.7701421320056965 
0.4472188938700118 0.2773009287460515 0.1145066723126168 0.8710892083248983 0.446717458552808 0.4628987981096696 0.9565708224716889 0.4783642602820809 0.47251649389137507 0.9321727256706249 
0.2623481121498068 0.4119275250322755 0.0893201618455528 0.9310830907299141 0.3311319168022667 0.22253078497400847 0.03075500154248567 0.5521900973628965 0.4717096170909826 0.2919880595745442 
0.3657459913306246 0.48714653380691986 0.040242718986001735 0.07336640914729342 0.48716042558914274 0.555930353360541 0.37095075286096035 0.9002975602895603 0.7813050024901701 0.7049959778288007 
0.9441567456837281 0.2927787589166291 0.5623963886152843 0.813467893210898 2.12869374188851E-4 0.3247260200285844 0.6868783708153993 0.6713558326312012 0.9626885980585326 0.3750925350781499 
0.5188376775049602 0.09898067581196912 0.408186902989778 0.3350599890419156 0.7733061605308249 0.26679187753373523 0.6599716034465818 0.9053959217388357 0.37266642350938284 0.3944957261627937 
0.27649214721558835 0.47649437436621966 0.07805087637885744 0.35357452112037 0.24640669764739132 0.6696892083259461 0.933660428514431 0.17045561912882767 0.058371536258366 0.7916772034348812 
0.7469432210144246 0.09297094221131152 0.09823128577169993 0.5613453665519678 0.0038914333043933436 0.8984600590926368 0.7131773176871136 0.9791549963329584 0.2220710250034731 0.29526968353853467 
0.16276106091346765 0.49766565244015637 0.4903845925953322 0.13633061191950735 0.7010656050119058 0.2638801569623803 0.7559611259676463 0.5931518349139463 0.0024596487331703942 0.9812039069301766 
