3 3 2
41 67 34 0 69 24 78 58 62 64 
5 45 81 27 61 91 95 42 27 36 
91 4 2 53 92 82 21 16 18 95 
47 26 71 38 69 12 67 99 35 94 
3 11 22 33 73 64 41 11 53 68 
47 44 62 57 37 59 23 41 29 78 
16 35 90 42 88 6 40 42 64 48 
46 5 90 29 70 50 6 1 93 48 
29 23 84 54 56 40 66 76 31 8 
44 39 26 23 37 38 18 82 29 41 
0.147496 0.949583 0.141575 0.905118 0.692892 0.303049 0.426557 0.0703757 0.966613 0.683187 
0.153233 0.877255 0.82168 0.582049 0.191351 0.177892 0.817194 0.475265 0.155553 0.503922 
0.732017 0.405591 0.27958 0.568743 0.682241 0.755852 0.721915 0.475295 0.12302 0.367809 
0.834681 0.0350963 0.517014 0.662984 0.426222 0.104678 0.949339 0.921384 0.549547 0.345988 
0.471725 0.374981 0.84698 0.316874 0.456099 0.271889 0.982971 0.2978 0.739189 0.567278 
0.19599 0.761315 0.839442 0.397656 0.5009 0.890164 0.0274667 0.994629 0.572588 0.0505081 
0.531327 0.194067 0.843043 0.626759 0.657613 0.197851 0.842158 0.123325 0.109928 0.743126 
0.314066 0.941069 0.286081 0.336314 0.140263 0.733085 0.83462 0.707999 0.600238 0.747215 
0.252724 0.144475 0.00161748 0.0610065 0.806238 0.852626 0.210578 0.115604 0.553209 0.0142521 
0.113773 0.454512 0.75222 0.686148 0.543443 0.0738853 0.43672 0.201941 0.696219 0.290353 
