10 10 3 3 2
10 45 36 43 87 98 40 67 60 10 
26 72 94 51 50 6 11 80 62 49 
63 8 96 69 70 75 54 20 25 31 
42 19 62 64 37 31 2 36 41 80 
17 5 46 35 71 87 40 44 35 14 
82 80 21 67 8 71 55 64 9 50 
80 68 87 2 71 5 3 43 18 13 
99 21 38 52 52 97 53 59 44 90 
47 67 61 61 34 55 26 71 23 97 
76 38 57 0 41 3 13 47 98 73 
0.26121459250802836 0.06298204954833198 0.312361827797505 0.20674186055055466 0.6047985008937842 0.9270471560456728 0.7263706821537761 0.3638171860934305 0.761302566163489 0.88678818089004 
0.1508168580363256 0.3685633453924346 0.4374335483063446 0.38215116970647156 0.7484738332657885 0.6818110498425987 0.5302251636016088 0.580276154845904 0.32636621295135226 0.22153462956807946 
0.638668533527232 0.04215368299693567 0.43920594382286215 0.49213779470363106 0.45847178557281776 0.9406631299690085 0.4400683579498237 0.27714451902537485 0.5559648223511431 0.6741404508303817 
0.0694450223338009 0.11308857811919615 0.23294127927062425 0.04215406394294985 0.2005196045138825 0.605412945396519 0.8364182373263473 0.009944530676208485 0.6016974253952071 0.31469310068786605 
0.0917576483137148 0.9924298067628874 0.09191464832432161 0.5912909499026487 0.08446079195659717 0.1652417465123548 0.057758414135267167 0.5989874277492407 0.08727030285304715 0.5268660361567237 
0.861971984563948 0.4659360903074766 0.41601430060818134 0.8060300277982217 0.2872752115269386 0.4595151440123679 0.5601752568839349 0.36146245306700964 0.611100664208505 0.3129454262665199 
0.33329823633508737 0.20802709347810522 0.47593988184128644 0.09903910400571436 0.33895931442066995 0.29770251246707546 0.9252019199386926 0.6428129993989766 0.31008652001450576 0.2178815954598533 
0.335312009403817 0.6745030002589746 0.4700419731041495 0.39692931698336276 0.9411252224504073 0.5050147407661802 0.6999144160613807 0.07443613562253593 0.29367415018375354 0.3344538005841723 
0.3687527471544354 0.7248710539937577 0.9208456956542567 0.696189971477191 0.1898477231109733 0.6419397559590666 0.5619186547116738 0.4742292252269876 0.6155521251498173 0.26687302100396826 
0.030808361448273036 0.6000727860963443 0.14026963662856917 0.9214755706244321 0.1644918893386198 0.37856986528428327 0.043062801405850504 0.428545668526091 0.3475070578712006 0.3222237156769132 
