525 6
6912 10
125 13
1102 15
3879 17
1305 18
2118 19
323 20
4862 21
4765 23
1513 25
1281 27
3566 29
1975 38
1491 40
4230 43
5153 44
464 46
1839 47
6401 49
1393 52
2527 55
891 58
3656 61
1971 66
6408 68
1611 72
2706 73
4698 74
1942 75
3900 77
1618 86
4486 88
4493 91
3423 94
2627 96
6520 99
2495 101
131 104
3825 106
2109 110
5550 111
4652 116
7208 118
784 119
403 123
2917 128
3758 131
4624 133
1759 137
3312 138
3204 141
3086 144
1562 145
6010 147
9745 148
3856 150
4596 152
2319 153
3340 155
208 158
787 159
4736 160
5527 161
2562 163
2553 164
8554 165
3018 168
1394 171
4868 172
991 176
7040 178
3792 183
4484 189
1288 190
4188 191
1680 195
33 197
302 199
484 200
3784 204
4617 205
870 206
2531 209
490 210
9061 213
3136 214
3017 216
4248 219
4444 222
1360 223
4055 224
3019 225
58 231
172 237
4739 238
2625 240
5265 242
1333 244
2453 246
3633 247
1652 248
3723 251
4284 261
1933 264
2769 265
2253 269
771 270
1998 272
1860 273
1753 275
15114 276
2922 280
2196 282
3109 283
3961 285
1109 286
2583 288
1584 289
9494 290
1631 293
5850 294
2219 298
689 301
692 302
5882 303
1960 305
5162 306
3544 308
4570 310
216 311
8035 312
393 315
2975 316
4432 318
292 321
3949 338
1058 344
2402 348
2587 352
1693 353
4752 355
4845 356
1253 360
801 361
4424 363
1472 365
4847 366
429 368
1578 371
322 374
1342 376
3965 378
3725 379
3890 380
2065 381
4725 385
545 388
1490 389
2614 391
1415 393
7706 395
2543 396
4298 406
3474 407
2691 410
4268 413
1668 414
3953 417
382 418
152 420
7739 422
1220 424
3750 428
3257 433
4559 434
5673 436
3786 444
4261 447
55 451
1492 453
2939 454
1373 456
163 458
3272 459
2815 463
4574 465
749 467
4095 472
4004 474
5233 477
3908 480
164 483
2985 485
7299 493
3216 495
1804 496
4668 497
4763 500
3603 503
1805 504
2693 509
8721 510
4333 514
3300 515
2883 516
4991 517
358 518
1863 519
5969 520
3349 522
1098 523
4078 526
2625 530
3609 531
33 532
911 534
4177 539
126 540
4203 544
2176 547
3856 548
3880 552
2283 554
7470 556
2437 557
1407 558
6951 563
2368 565
5404 567
4215 568
581 570
4065 572
3272 573
2846 575
4023 578
1652 579
1048 587
3793 588
2540 601
2591 603
2548 606
4617 607
386 610
2938 611
3313 612
628 614
523 617
2337 618
4063 620
4488 621
1643 622
3951 632
2711 639
6374 641
401 648
3051 650
128 653
3041 656
21 657
1589 659
399 660
2472 664
2015 665
6074 667
4429 669
4159 678
4011 680
6959 681
1699 682
5557 683
3729 688
4941 689
157 691
4123 692
126 693
4343 694
620 697
1066 700
3423 701
5421 704
91 705
2605 710
2826 712
5623 715
6852 716
4873 720
1757 721
188 724
1920 728
3758 733
3480 735
2533 738
1241 740
3506 741
2597 747
1203 748
3565 753
7349 754
2680 756
2143 759
583 763
586 767
3277 769
5822 770
1691 771
465 773
2731 776
1981 782
1796 786
2281 787
4952 788
751 789
1687 790
893 795
306 796
1866 797
7228 798
1416 800
4489 802
3589 804
2741 805
5257 806
2625 807
2610 810
2087 811
4702 813
1401 815
2210 816
4166 820
2232 821
2743 822
3552 823
3078 824
1698 828
4409 830
6193 831
1727 834
4028 835
2969 839
7626 841
3922 842
3136 845
4915 846
2345 850
3714 856
4867 860
1370 864
4737 867
2917 870
7413 874
2241 875
3428 877
3904 881
6593 885
7517 889
2274 890
3657 891
4890 893
2110 894
2032 896
1821 897
1045 902
11919 905
14507 908
3568 910
4923 911
1976 912
147 916
2558 921
1804 924
5381 925
3205 927
3110 931
2242 933
187 934
2505 935
4464 936
4610 941
575 944
9199 949
4742 950
4351 962
1033 963
38 966
4365 974
587 979
1376 980
31 981
2811 987
4551 988
3994 989
4394 990
4975 993
1932 994
